11383
11388
11390
11391
11393
11395
11396
11397
11399
11400
11401
11403
11404
11406
11408
11409
11410
11411
11414
11415
11416
11417
11419
11420
11421
11422
11423
11424
11425
11426
11429
11431
11432
11433
11434
11435
11436
11437
11438
11439
11445
11448
11450
11451
11454
11455
11456
11457
11459
11461
11462
11463
11464
11465
11467
11469
11470
11474
11475
11476
11480
11481
11484
11485
11487
11488
11490
11494
11495
11497
11502
11506
11511
11513
11518
11522
11523
11524
11526
11529
11533
11534
11535
11537
11542
11543
11545
11547
11548
11550
11551
11553
11554
11555
11557
11558
11560
11561
11562
11563
11567
11568
11570
11571
11572
11575
11576
11578
11580
11582
11585
11586
11587
11588
11589
11590
11591
11592
11593
11594
11595
11597
11598
11599
11600
11601
11602
11603
11604
11605
11606
11607
11608
11609
11613
11614
11616
11618
11620
11621
11622
11623
11624
11626
11627
11628
11630
11631
11635
11636
11638
11639
11641
11642
11643
11644
11931
11937
11938
11942
11946
11947
11948
11949
11950
11951
11952
11953
11954
11955
11958
11962
11967
11968
11970
11971
11974
11976
11978
11981
11986
11987
11988
11991
11992
11997
12000
12002
12003
12005
12009
12014
12016
12017
12020
12021
12022
12024
12027
12032
12034
12035
12036
12039
12041
12042
12045
12047
12049
12050
12052
12053
12054
12055
12058
12063
12064
12065
12066
12069
12071
12075
12077
12078
12080
12082
12083
12084
12086
12087
12089
12090
12093
12095
12096
12098
12100
12103
12104
12105
12108
12111
12112
12113
12114
12118
12119
12120
12121
12122
12123
12127
12133
12134
12177
12178
12181
12182
12183
12186
12187
12188
12189
12190
12193
12194
12195
12196
12198
12200
12201
12202
12203
12204
12211
12212
12216
12217
12218
12221
12222
12223
12228
12229
12230
12232
12233
12236
12238
12239
12240
12243
12244
12245
12246
12247
12249
12250
12251
12252
12253
12256
12625
12627
12628
12631
12633
12634
12635
12636
12637
12638
12639
12641
12643
12644
12645
12646
12647
12649
12650
12653
12654
12655
12656
12657
12658
12659
12661
12662
12663
12664
12665
12666
12669
12670
12671
12672
12673
12674
12675
12677
12678
12680
12681
12682
12683
12684
12686
12688
12689
12692
13172
13173
13175
13176
13179
13181
13182
13184
13187
13188
13189
13191
13195
13196
13201
13205
13206
13207
13208
13214
13215
13221
13222
13225
13227
13229
13230
13231
13232
13233
13237
13238
13239
13242
13247
13248
13250
13252
13255
13258
13260
13264
13266
13267
13269
13271
13273
13274
13275
13276
13277
13278
13280
13282
13285
13289
13293
13297
13298
13299
13300
13301
13303
13306
13307
13309
13310
13315
13319
13322
13323
13325
13327
13332
13334
13335
13339
13342
13344
13347
13348
13349
13351
13355
13356
13358
13360
13361
13362
13363
13365
13367
13373
13375
13376
13377
13379
13380
13383
13385
13386
13388
13391
13392
13394
13395
13396
13397
13399
13402
13403
13404
13405
13406
13407
13410
13412
13413
13414
13415
13417
13419
13420
13426
13427
13429
13430
13431
13432
13433
13435
13436
13439
13440
13441
13442
13448
13450
13451
13456
13457
13459
13462
13464
13465
13469
13470
13471
13472
13473
13475
13476
13477
13478
13479
13481
13482
13483
13486
13487
13490
13493
13496
13498
13500
13501
13503
13504
13505
13510
13512
13513
13515
13521
13522
13525
13527
13531
13532
13533
13535
13540
13544
13545
13548
13550
13551
13553
13555
13556
13560
13562
13563
13564
13565
13566
13568
13570
13571
13574
13576
13581
13582
13585
13588
13589
13590
13591
13592
13594
13596
13602
13604
13606
13607
13608
13610
13612
13613
13615
13617
13619
13621
13622
13626
13627
13628
13630
13631
13632
13633
13635
13636
13637
13641
13644
13652
13653
13654
13655
13656
13657
13658
13660
13661
13662
13664
13665
13666
13667
13670
13672
13673
13675
13678
13681
13685
13689
13690
13693
13697
13698
13699
13700
13701
13703
13704
13707
13712
13714
13715
13716
13718
13719
13720
13721
13722
13729
13733
13734
13736
13739
13740
13742
13749
13750
13751
13752
13753
13755
13756
13757
13759
13762
13771
13772
13774
13776
13780
13781
13782
13784
13789
13790
13793
13795
13797
13798
13800
13803
13804
13805
13810
13812
13821
13824
13826
13827
13831
13832
13834
13837
13838
13840
13841
13847
13848
13850
13851
13852
13856
13857
13858
13859
13863
13864
13878
13880
13881
13888
13889
13893
13894
13895
13896
13900
13904
13909
13912
13915
13916
13922
13923
13925
13926
13929
13930
13931
13937
13939
13943
13946
13947
13948